alfa[0]= 2.9999999999999902
alfa[1]= 3.000000000000001
alfa[2]= 9.999999999999968
alfa[3]= 1.0
alfa[4]= 2.000000000000008
alfa[5]= 4.0
day[0]= 333.0 ( 79.28571428571428 %)
day[1]= 339.0 ( 80.71428571428572 %)
day[2]= 326.0 ( 77.61904761904762 %)
day[3]= 337.0 ( 80.23809523809524 %)
day[4]= 338.0 ( 80.47619047619048 %)
day[5]= 340.0 ( 80.95238095238095 %)
patients[0]: 7805710 825825 
patients[1]: 8244481 5796177 3002268 
patients[2]: 7805710 9608683 
patients[3]: 7061655 4035586 2392779 
patients[4]: 482598 1961180 5291424 
patients[5]: 869168 3859290 8204008 

Solution cost = 897.9999999999998
Solution time = 156.3081874847412 [sec]
Average_Occupation_Rate = 79.8809523809524 [%]

